# 6 280 16 292 0
미 22 278 35 294 0
국 38 278 53 294 0
에 55 278 66 294 0
사 76 278 91 294 0
는 92 279 108 294 0
앤 114 279 128 294 0
서 130 278 157 294 0
니 159 278 173 294 0
는 165 269 180 298 0
지 185 278 217 294 0
난 208 269 224 298 0
2 223 280 230 292 0
0 230 269 242 298 0
2 231 280 249 292 0
0 241 269 253 298 0
년 259 279 271 294 0
다 281 278 296 294 0
국 297 278 312 294 0
적 314 278 327 294 0
해 335 278 349 294 0
운 351 279 367 294 0
회 368 278 382 294 0
사 385 278 400 294 0
에 402 278 416 294 0
서 419 278 430 294 0
퇴 440 278 453 294 0
직 457 278 470 294 0
했 473 278 488 294 0
다 490 283 500 293 0
. 501 278 505 294 0
당 516 279 530 294 0
시 532 278 545 294 0
그 553 281 568 293 0
의 569 278 583 294 0
나 592 278 617 294 0
이 619 278 621 294 0
5 628 280 636 292 0
8 637 280 642 292 0
세 649 278 658 294 0
. 659 278 661 294 0
평 673 279 686 294 0
소 689 281 704 293 0
상 8 253 31 268 0
사 35 252 40 268 0
와 41 252 53 268 0
관 62 253 77 268 0
계 79 252 102 268 0
가 95 242 108 272 0
껄 107 252 131 268 0
끄 133 252 158 268 0
러 142 242 173 272 0
웠 167 252 182 268 0
던 185 253 196 268 0
그 204 255 220 267 0
는 221 253 237 268 0
코 242 255 269 267 0
로 277 257 286 267 0
나 287 252 291 268 0
1 287 252 299 268 0
9 293 254 309 266 0
팬 315 253 330 268 0
데 333 251 441 268 0
믹 349 242 361 272 0
( 354 242 366 272 0
대 360 242 394 272 0
유 377 242 411 272 0
행 405 242 417 272 0
) 410 242 423 272 0
을 429 242 438 272 0
계 448 252 461 268 0
기 465 252 478 268 0
로 480 255 492 267 0
일 503 253 534 268 0
을 519 242 531 272 0
관 539 253 555 268 0
됨 557 252 580 268 0
다 574 242 586 272 0
. 584 252 589 268 0
중 598 253 614 268 0
동 615 253 631 268 0
적 632 252 646 268 0
인 650 253 661 268 0
결 670 253 684 268 0
정 687 253 700 268 0
은 7 226 23 241 0
아 29 225 44 241 0
니 47 225 59 241 0
었 63 225 77 241 0
다 80 230 89 240 0
. 90 225 94 241 0
그 104 228 120 240 0
는 121 226 136 241 0
나 143 225 158 241 0
름 159 226 174 241 0
꼼 180 226 195 241 0
꼼 196 226 212 241 0
하 213 225 229 241 0
게 230 225 244 241 0
자 252 225 267 241 0
산 268 226 283 241 0
현 289 226 303 241 0
황 306 226 328 241 0
과 322 216 333 245 0
소 343 225 359 241 0
비 361 225 374 241 0
규 381 225 397 241 0
모 398 228 413 240 0
등 419 226 451 241 0
을 436 216 448 245 0
분 457 226 472 241 0
석 474 225 487 241 0
해 490 229 499 241 0
은 511 226 527 241 0
퇴 528 225 542 241 0
계 550 225 563 241 0
획 566 225 580 241 0
을 583 226 594 241 0
세 604 225 618 241 0
웠 621 225 635 241 0
다 638 230 647 240 0
. 648 225 653 241 0
풍 663 226 678 241 0
족 679 225 695 241 0
하 7 199 23 215 0
진 25 200 38 215 0
않 46 200 61 215 0
아 63 199 78 215 0
도 79 202 94 214 0
여 101 199 113 215 0
생 117 199 219 215 0
을 129 190 145 219 0
보 144 190 177 219 0
내 160 190 194 219 0
기 177 190 210 219 0
에 202 190 217 219 0
부 225 199 241 215 0
족 242 199 266 215 0
하 270 199 275 215 0
지 276 203 286 214 0
않 297 199 312 215 0
다 314 199 329 215 0
는 330 200 346 215 0
계 352 199 365 215 0
산 368 200 391 215 0
이 385 190 397 219 0
섰 406 199 421 215 0
다 423 204 433 214 0
. 434 199 438 215 0
하 7 146 23 162 0
지 25 146 38 162 0
만 42 147 56 162 0
지 62 146 76 162 0
난 80 147 94 162 0
해 95 146 110 162 0
말 117 147 132 162 0
부 133 146 149 162 0
터 151 150 160 161 0
예 172 146 185 162 0
상 188 147 203 162 0
치 205 146 218 162 0
못 225 146 241 162 0
한 242 147 258 162 0
문 263 147 279 162 0
제 280 146 303 162 0
가 296 137 308 166 0
생 318 146 332 162 0
겼 335 146 350 162 0
다 352 151 361 161 0
. 362 146 367 162 0
무 377 146 392 162 0
섭 394 147 407 162 0
게 411 146 424 162 0
오 431 149 447 161 0
르 448 149 463 161 0
는 465 147 480 162 0
물 486 147 501 162 0
가 503 146 519 162 0
때 525 146 538 162 0
문 540 147 556 162 0
에 558 146 571 162 0
생 578 147 592 162 0
활 595 147 618 162 0
비 624 146 634 162 0
가 626 137 641 166 0
급 641 146 665 162 0
증 666 147 689 162 0
헝 686 137 694 166 0
고 8 122 20 134 0
을 29 120 41 135 0
들 50 120 65 135 0
어 67 119 80 135 0
저 88 119 101 135 0
죽 104 119 133 135 0
액 139 119 151 135 0
이 145 109 157 139 0
2 158 121 167 133 0
0 164 119 176 135 0
% 168 119 262 135 0
나 194 109 202 139 0
줄 201 119 236 135 0
었 218 119 253 135 0
다 246 119 258 135 0
. 252 119 262 135 0
매 273 119 304 135 0
초 288 109 300 139 0
그 310 122 325 134 0
의 326 119 340 135 0
계 348 119 362 135 0
산 365 120 380 135 0
에 381 119 395 135 0
는 398 120 410 135 0
인 420 120 433 135 0
플 435 119 459 135 0
레 465 119 476 135 0
이 481 119 483 135 0
션 486 120 498 135 0
( 492 109 504 139 0
화 502 118 530 135 0
폐 532 119 539 135 0
가 542 119 557 135 0
지 558 119 571 135 0
하 579 119 595 135 0
락 597 119 611 135 0
에 613 119 623 135 0
따 634 119 649 135 0
른 650 120 666 135 0
물 671 120 697 135 0
가 699 119 704 135 0
상 8 94 23 109 0
승 24 94 40 109 0
) 41 92 45 107 0
변 52 94 65 109 0
수 67 93 83 109 0
를 84 94 96 109 0
반 106 94 121 109 0
영 123 94 145 109 0
하 150 93 154 109 0
지 156 97 165 108 0
않 177 94 192 109 0
은 193 94 209 109 0
오 214 96 230 108 0
류 231 93 254 109 0
가 247 83 259 113 0
있 270 93 284 109 0
었 286 93 300 109 0
다 303 98 312 108 0
. 313 93 318 109 0
최 328 93 342 109 0
근 344 94 360 109 0
예 366 93 380 109 0
전 383 94 396 109 0
직 404 93 417 109 0
장 420 93 443 109 0
에 449 93 451 109 0
서 454 93 466 109 0
복 474 93 490 109 0
귀 491 93 505 109 0
를 508 94 520 109 0
제 529 93 543 109 0
안 546 94 561 109 0
했 562 93 577 109 0
을 579 94 591 109 0
때 601 93 614 109 0
앤 622 94 644 109 0
서 646 93 663 109 0
니 667 93 681 109 0
는 671 83 691 113 0
즉 7 66 23 82 0
시 25 66 38 82 0
수 45 66 61 82 0
락 63 66 89 82 0
했 96 71 106 81 0
다 99 57 110 86 0
. 107 66 111 82 0
6 120 68 129 80 0
0 122 57 134 86 0
세 138 66 150 82 0
이 151 66 174 82 0
후 177 66 192 82 0
에 194 66 208 82 0
는 211 67 223 82 0
편 232 67 246 82 0
하 248 66 264 82 0
게 265 66 279 82 0
쉬 286 66 300 82 0
고 303 69 318 81 0
싶 324 67 338 82 0
다 342 66 356 82 0
는 357 67 373 82 0
희 379 66 392 82 0
망 396 67 427 82 0
도 412 57 424 86 0
접 433 67 446 82 0
었 451 66 465 82 0
다 467 71 477 81 0
. 478 66 482 82 0
그 492 69 507 81 0
는 509 67 524 82 0
" 523 57 535 86 0
2 529 68 540 80 0
년 546 67 556 82 0
전 566 67 580 82 0
과 582 66 598 82 0
급 604 67 619 82 0
여 621 66 643 82 0
가 648 66 653 82 0
똑 658 66 674 82 0
같 675 67 701 82 0
아 703 66 707 82 0
물 7 41 31 56 0
가 35 40 40 56 0
상 41 41 56 56 0
승 57 41 73 56 0
을 74 41 87 56 0
고 95 43 111 55 0
려 113 40 126 56 0
하 129 40 144 56 0
면 147 41 158 56 0
오 167 43 182 55 0
히 184 40 197 56 0
려 201 40 214 56 0
수 221 40 237 56 0
입 239 41 261 56 0
이 266 40 268 56 0
줄 276 40 301 56 0
었 310 45 317 55 0
다 320 40 324 56 0
" 325 50 330 54 0
며 334 40 345 56 0
" 352 40 357 56 0
그 352 43 374 55 0
러 376 40 389 56 0
나 393 40 407 56 0
생 413 41 427 56 0
활 429 41 445 56 0
물 446 41 469 56 0
가 474 40 486 56 0
가 479 31 491 60 0
언 502 40 515 56 0
제 518 40 531 56 0
쯤 534 41 550 56 0
떨 556 41 570 56 0
어 573 40 586 56 0
지 589 40 612 56 0
려 614 40 619 56 0
나 623 40 638 56 0
매 644 40 657 56 0
일 661 41 674 56 0
불 681 41 696 56 0
안 8 14 31 29 0
해 34 13 38 29 0
하 41 17 51 29 0
는 52 13 70 29 0
것 79 13 93 29 0
보 95 16 111 28 0
다 113 18 122 28 0
다 134 13 149 29 0
시 150 13 164 29 0
줄 171 14 186 29 0
근 188 14 211 29 0
하 216 13 220 29 0
는 221 14 233 29 0
것 243 13 257 29 0
이 260 13 273 29 0
낮 281 13 335 29 0
다 298 3 310 33 0
" 304 13 316 29 0
고 322 13 331 29 0
말 341 14 356 29 0
했 357 13 372 29 0
다 375 18 384 28 0
. 385 13 389 29 0